255 255 255 255 255 255 255 255 255 255 255 255 255 255 255 255
255  73  40  40  40  60 114  40  40 255  60  40  40  40  73 255
255  40 213 151 206  24  88  56 255 156  24 206 151 213  40 255
255  40 151   0 135  24 250 195   8  93  24 135   0 151  40 255
255  40 206 135 199  24 166   0 106 166  24 199 135 206  40 255
255  60  24  24  24  46  88 199 199  88  46  24  24  24  60 255
255 255 187  88 177 103  88 236 236 140  88 166 250  88 114 255
255 208 141  56   0 186 187 199  44  37 181 123 249 141  87 255
255  40 222  62   0 204 124 156 156 236 199  30  56 141 255 255
255 114 255  93 177  88 140  68 131 225 247 177 170 203 114 255
255  60  24  24  24  46 239 250  51 247  43 132   8 104 255 255
255  40 206 135 199  24 177   0 106 177 147 191   4 129 255 255
255  40 151   0 135  24  88 249  62 247  30 120 255 252 255 255
255  40 213 151 206  24 187  56 255   0  94  55 247 151 255 255
255  73  40  40  40  60 255  40  40  40 235 154 248  40 255 255
255 255 255 255 255 255 255 255 255 255 255 255 255 255 255 255
255 255 255 255 255 255 255 255 255 255 255 255 255 255 255 255
255  73  40  40  40  60 114  40  40 255  60  40  40  40  73 255
255  40 213 151 206  24  88  56 255 156  24 206 151 213  40 255
255  40 151   0 135  24 250 195   8  93  24 135   0 151  40 255
255  40 206 135 199  24 166   0 106 166  24 199 135 206  40 255
255  60  24  24  24  46  88 199 199  88  46  24  24  24  60 255
255 255 187  88 177 103  88 236 236 140  88 166 250  88 114 255
255 208 141  56   0 186 187 199  44  37 181 123 249 141  87 255
255  40 222  62   0 204 124 156 156 236 199  30  56 141 255 255
255 114 255  93 177  88 140  68 131 225 247 177 170 203 114 255
255  60  24  24  24  46 239 250  51 247  43 132   8 104 255 255
255  40 206 135 199  24 177   0 106 177 147 191   4 129 255 255
255  40 151   0 135  24  88 249  62 247  30 120 255 252 255 255
255  40 213 151 206  24 187  56 255   0  94  55 247 151 255 255
255  73  40  40  40  60 255  40  40  40 235 154 248  40 255 255
255 255 255 255 255 255 255 255 255 255 255 255 255 255 255 255
255 255 255 255 255 255 255 255 255 255 255 255 255 255 255 255
255  73  40  40  40  60 114  40  40 255  60  40  40  40  73 255
255  40 213 151 206  24  88  56 255 156  24 206 151 213  40 255
255  40 151   0 135  24 250 195   8  93  24 135   0 151  40 255
255  40 206 135 199  24 166   0 106 166  24 199 135 206  40 255
255  60  24  24  24  46  88 199 199  88  46  24  24  24  60 255
255 255 187  88 177 103  88 236 236 140  88 166 250  88 114 255
255 208 141  56   0 186 187 199  44  37 181 123 249 141  87 255
255  40 222  62   0 204 124 156 156 236 199  30  56 141 255 255
255 114 255  93 177  88 140  68 131 225 247 177 170 203 114 255
255  60  24  24  24  46 239 250  51 247  43 132   8 104 255 255
255  40 206 135 199  24 177   0 106 177 147 191   4 129 255 255
255  40 151   0 135  24  88 249  62 247  30 120 255 252 255 255
255  40 213 151 206  24 187  56 255   0  94  55 247 151 255 255
255  73  40  40  40  60 255  40  40  40 235 154 248  40 255 255
255 255 255 255 255 255 255 255 255 255 255 255 255 255 255 255

255 255 255 255 255 255 255 255 255 255 255 255 255 255 255 255
255  73  40  40  40  60 114  87 255 114 255 255 255 255 255 255
255  40 213 151 206  24  88 141 141 203 104 129 252 151  40 255
255  40 151   0 135  24 250 249  56 170   8   4 255 247 248 255
255  40 206 135 199  24 166 123  30 177 132 191 120  55 154 255
255  60  24  24  24  46  88 181 199 247  43 147  30  94 235 255
255 255 156  93 166  88 140  37 236 225 247 177 247   0  40 255
255  40 255   8 106 199 236  44 156 131  51 106  62 255  40 255
255  40  56 195   0 199 236 199 156  68 250   0 249  56  40 255
255 114  88 250 166  88  88 187 124 140 239 177  88 187 255 255
255  60  24  24  24  46 103 186 204  88  46  24  24  24  60 255
255  40 206 135 199  24 177   0   0 177  24 199 135 206  40 255
255  40 151   0 135  24  88  56  62  93  24 135   0 151  40 255
255  40 213 151 206  24 187 141 222 255  24 206 151 213  40 255
255  73  40  40  40  60 255 208  40 114  60  40  40  40  73 255
255 255 255 255 255 255 255 255 255 255 255 255 255 255 255 255
255 255 255 255 255 255 255 255 255 255 255 255 255 255 255 255
255  73  40  40  40  60 114  87 255 114 255 255 255 255 255 255
255  40 213 151 206  24  88 141 141 203 104 129 252 151  40 255
255  40 151   0 135  24 250 249  56 170   8   4 255 247 248 255
255  40 206 135 199  24 166 123  30 177 132 191 120  55 154 255
255  60  24  24  24  46  88 181 199 247  43 147  30  94 235 255
255 255 156  93 166  88 140  37 236 225 247 177 247   0  40 255
255  40 255   8 106 199 236  44 156 131  51 106  62 255  40 255
255  40  56 195   0 199 236 199 156  68 250   0 249  56  40 255
255 114  88 250 166  88  88 187 124 140 239 177  88 187 255 255
255  60  24  24  24  46 103 186 204  88  46  24  24  24  60 255
255  40 206 135 199  24 177   0   0 177  24 199 135 206  40 255
255  40 151   0 135  24  88  56  62  93  24 135   0 151  40 255
255  40 213 151 206  24 187 141 222 255  24 206 151 213  40 255
255  73  40  40  40  60 255 208  40 114  60  40  40  40  73 255
255 255 255 255 255 255 255 255 255 255 255 255 255 255 255 255
255 255 255 255 255 255 255 255 255 255 255 255 255 255 255 255
255  73  40  40  40  60 114  87 255 114 255 255 255 255 255 255
255  40 213 151 206  24  88 141 141 203 104 129 252 151  40 255
255  40 151   0 135  24 250 249  56 170   8   4 255 247 248 255
255  40 206 135 199  24 166 123  30 177 132 191 120  55 154 255
255  60  24  24  24  46  88 181 199 247  43 147  30  94 235 255
255 255 156  93 166  88 140  37 236 225 247 177 247   0  40 255
255  40 255   8 106 199 236  44 156 131  51 106  62 255  40 255
255  40  56 195   0 199 236 199 156  68 250   0 249  56  40 255
255 114  88 250 166  88  88 187 124 140 239 177  88 187 255 255
255  60  24  24  24  46 103 186 204  88  46  24  24  24  60 255
255  40 206 135 199  24 177   0   0 177  24 199 135 206  40 255
255  40 151   0 135  24  88  56  62  93  24 135   0 151  40 255
255  40 213 151 206  24 187 141 222 255  24 206 151 213  40 255
255  73  40  40  40  60 255 208  40 114  60  40  40  40  73 255
255 255 255 255 255 255 255 255 255 255 255 255 255 255 255 255

255 254 252 254 253 254 252 252 252 254 252 252 252 252 252 255
255 248  30 247 153 214  30  30  30 252  44  30  30  30  72 255
255 255 138 247  60  91   0 250  46 179  15 194 138 206  47 255
255 254 250 247 108  31 243  61 240  92  15 123   0 154  47 255
255 251 121   0 187 153 176 100   0 182  15 192 138 203  47 255
254 247 108   0 125  54 237  54 245 227  44  31  30  31  72 255
253  96 206 164 174 242 228 127  60 131  77 160  88 251 110 255
254 250 127  61  33 185 229 134 145 133 183   0  73 205  47 255
252  70 129 253 113 169  30  51 206 167 184   0  46 146 216 255
253 112  92 252 160  92 135 227 229  93 102 169  92 192 252 255
252  44  15  15  15  44  77 185 194  92  29  15  15  15  60 255
252  30 194 123 192  31 160  89   0 172  15 187 123 200  47 255
252  30 138   0 138  30  87  15 191 237  15 123   0 154  47 255
252  30 206 154 203  31 141 248  45  92  15 200 154 209  47 255
252  72  47  47  47  73 250  47  47 123  60  47  47  47  86 255
255 255 255 255 255 255 255 255 255 255 255 255 255 255 255 255
255 254 252 254 253 254 252 252 252 254 252 252 252 252 252 255
255 248  30 247 153 214  30  30  30 252  44  30  30  30  72 255
255 255 138 247  60  91   0 250  46 179  15 194 138 206  47 255
255 254 250 247 108  31 243  61 240  92  15 123   0 154  47 255
255 251 121   0 187 153 176 100   0 182  15 192 138 203  47 255
254 247 108   0 125  54 237  54 245 227  44  31  30  31  72 255
253  96 206 164 174 242 228 127  60 131  77 160  88 251 110 255
254 250 127  61  33 185 229 134 145 133 183   0  73 205  47 255
252  70 129 253 113 169  30  51 206 167 184   0  46 146 216 255
253 112  92 252 160  92 135 227 229  93 102 169  92 192 252 255
252  44  15  15  15  44  77 185 194  92  29  15  15  15  60 255
252  30 194 123 192  31 160  89   0 172  15 187 123 200  47 255
252  30 138   0 138  30  87  15 191 237  15 123   0 154  47 255
252  30 206 154 203  31 141 248  45  92  15 200 154 209  47 255
252  72  47  47  47  73 250  47  47 123  60  47  47  47  86 255
255 255 255 255 255 255 255 255 255 255 255 255 255 255 255 255
255 254 252 254 253 254 252 252 252 254 252 252 252 252 252 255
255 248  30 247 153 214  30  30  30 252  44  30  30  30  72 255
255 255 138 247  60  91   0 250  46 179  15 194 138 206  47 255
255 254 250 247 108  31 243  61 240  92  15 123   0 154  47 255
255 251 121   0 187 153 176 100   0 182  15 192 138 203  47 255
254 247 108   0 125  54 237  54 245 227  44  31  30  31  72 255
253  96 206 164 174 242 228 127  60 131  77 160  88 251 110 255
254 250 127  61  33 185 229 134 145 133 183   0  73 205  47 255
252  70 129 253 113 169  30  51 206 167 184   0  46 146 216 255
253 112  92 252 160  92 135 227 229  93 102 169  92 192 252 255
252  44  15  15  15  44  77 185 194  92  29  15  15  15  60 255
252  30 194 123 192  31 160  89   0 172  15 187 123 200  47 255
252  30 138   0 138  30  87  15 191 237  15 123   0 154  47 255
252  30 206 154 203  31 141 248  45  92  15 200 154 209  47 255
252  72  47  47  47  73 250  47  47 123  60  47  47  47  86 255
255 255 255 255 255 255 255 255 255 255 255 255 255 255 255 255

255 255 255 255 255 255 255 255 255 255 255 255 255 255 255 255
253  72  40  40  40  59 111  40 208 253  59  40  40  40  73 255
253  39 206 147 197  24 252 213 140 184  23 200 147 203  40 255
253  39 147   0 131  23  90  60  54  85  23 131   0 147  40 255
253  39 202 131 193  24 170   0   0 171  23 195 131 200  40 255
253  58  23  23  23  44  85 193 174 100  44  23  23  23  59 255
255 253 181  85 174 232 132 123 177  86  85 163 242  85 111 255
253  39  54 235   0 246  64 146 199 228 187   0 189  53  40 255
253  39 251  60  99  49 127 146  44 232 193  99   8 249  40 255
253  39   0 237 175 239 223 231  34 136  85 160  90 152 251 255
255 222  88  30 142  42 244 193 169  85  44  23  23  23  60 255
254 150  53 116 187 128 172  28 118 161  23 193 131 197  40 255
255 242 239 247   4   8 160  54 247 247  23 131   0 147  40 255
253  39 147 247 121 100 199 133 133  85  23 202 147 206  40 255
255 249 255 254 251 248 108 251  83 111  58  39  39  39  72 255
255 255 255 255 255 255 253 255 253 253 253 253 253 253 253 255
255 255 255 255 255 255 255 255 255 255 255 255 255 255 255 255
253  72  40  40  40  59 111  40 208 253  59  40  40  40  73 255
253  39 206 147 197  24 252 213 140 184  23 200 147 203  40 255
253  39 147   0 131  23  90  60  54  85  23 131   0 147  40 255
253  39 202 131 193  24 170   0   0 171  23 195 131 200  40 255
253  58  23  23  23  44  85 193 174 100  44  23  23  23  59 255
255 253 181  85 174 232 132 123 177  86  85 163 242  85 111 255
253  39  54 235   0 246  64 146 199 228 187   0 189  53  40 255
253  39 251  60  99  49 127 146  44 232 193  99   8 249  40 255
253  39   0 237 175 239 223 231  34 136  85 160  90 152 251 255
255 222  88  30 142  42 244 193 169  85  44  23  23  23  60 255
254 150  53 116 187 128 172  28 118 161  23 193 131 197  40 255
255 242 239 247   4   8 160  54 247 247  23 131   0 147  40 255
253  39 147 247 121 100 199 133 133  85  23 202 147 206  40 255
255 249 255 254 251 248 108 251  83 111  58  39  39  39  72 255
255 255 255 255 255 255 253 255 253 253 253 253 253 253 253 255
255 255 255 255 255 255 255 255 255 255 255 255 255 255 255 255
253  72  40  40  40  59 111  40 208 253  59  40  40  40  73 255
253  39 206 147 197  24 252 213 140 184  23 200 147 203  40 255
253  39 147   0 131  23  90  60  54  85  23 131   0 147  40 255
253  39 202 131 193  24 170   0   0 171  23 195 131 200  40 255
253  58  23  23  23  44  85 193 174 100  44  23  23  23  59 255
255 253 181  85 174 232 132 123 177  86  85 163 242  85 111 255
253  39  54 235   0 246  64 146 199 228 187   0 189  53  40 255
253  39 251  60  99  49 127 146  44 232 193  99   8 249  40 255
253  39   0 237 175 239 223 231  34 136  85 160  90 152 251 255
255 222  88  30 142  42 244 193 169  85  44  23  23  23  60 255
254 150  53 116 187 128 172  28 118 161  23 193 131 197  40 255
255 242 239 247   4   8 160  54 247 247  23 131   0 147  40 255
253  39 147 247 121 100 199 133 133  85  23 202 147 206  40 255
255 249 255 254 251 248 108 251  83 111  58  39  39  39  72 255
255 255 255 255 255 255 253 255 253 253 253 253 253 253 253 255
